orbit.id,timestr,tot.count,sam.count,qf.count,tot.nf.count,qf.nf.count,site,lat,lon
1057,2014091221,6775,0,3306,6510,3304,LosAngeles,34.0549076,-118.242643
1188,2014092121,9290,0,2336,9088,2336,LosAngeles,34.0549076,-118.242643
1421,2014100721,9106,0,5028,8918,5021,LosAngeles,34.0549076,-118.242643
1916,2014111020,211,0,20,121,17,LosAngeles,34.0549076,-118.242643
4115,2015041021,251,0,144,148,100,LosAngeles,34.0549076,-118.242643
4814,2015052820,411,0,292,163,93,LosAngeles,34.0549076,-118.242643
5353,2015070421,7435,0,48,7372,32,LosAngeles,34.0549076,-118.242643
5513,2015071520,428,0,222,79,39,LosAngeles,34.0549076,-118.242643
5979,2015081620,424,0,220,255,140,LosAngeles,34.0549076,-118.242643
6052,2015082121,7857,0,86,7794,64,LosAngeles,34.0549076,-118.242643
7275,2015111320,429,0,361,233,207,LosAngeles,34.0549076,-118.242643
9241,2016032720,281,0,188,149,114,LosAngeles,34.0549076,-118.242643
9707,2016042820,369,0,341,247,230,LosAngeles,34.0549076,-118.242643
10843,2016071521,7878,0,1062,7771,1031,LosAngeles,34.0549076,-118.242643
11105,2016080220,363,0,212,114,44,LosAngeles,34.0549076,-118.242643
11178,2016080721,7594,0,624,7512,583,LosAngeles,34.0549076,-118.242643
11542,2016090121,7853,0,5650,7764,5604,LosAngeles,34.0549076,-118.242643
11571,2016090320,419,0,328,192,186,LosAngeles,34.0549076,-118.242643
12576,2016111121,7833,0,6210,7769,6172,LosAngeles,34.0549076,-118.242643
13508,2017011421,7592,0,5812,7509,5758,LosAngeles,34.0549076,-118.242643
15037,2017042921,7906,0,6322,7817,6270,LosAngeles,34.0549076,-118.242643
15838,2017062321,7523,0,85,7434,45,LosAngeles,34.0549076,-118.242643
17367,2017100621,7942,0,6476,7843,6402,LosAngeles,34.0549076,-118.242643
18095,2017112520,7584,0,6271,7412,6144,LosAngeles,34.0549076,-118.242643
18401,2017121621,2154,0,8,2141,6,LosAngeles,34.0549076,-118.242643
20192,2018041820,4873,0,3939,4576,3817,LosAngeles,34.0549076,-118.242643
20265,2018042321,3978,0,1440,3911,1402,LosAngeles,34.0549076,-118.242643
20862,2018060321,6580,0,5724,6147,5434,LosAngeles,34.0549076,-118.242643
20891,2018060520,276,0,77,54,8,LosAngeles,34.0549076,-118.242643
21197,2018062621,7803,0,2989,7726,2953,LosAngeles,34.0549076,-118.242643
21430,2018071221,7245,0,4900,7207,4890,LosAngeles,34.0549076,-118.242643
21663,2018072821,5116,0,47,4922,40,LosAngeles,34.0549076,-118.242643
22027,2018082221,7804,0,6036,7721,5982,LosAngeles,34.0549076,-118.242643
22362,2018091421,7737,0,6099,7650,6042,LosAngeles,34.0549076,-118.242643
22391,2018091621,6597,0,5753,6088,5422,LosAngeles,34.0549076,-118.242643
23119,2018110520,425,0,283,217,138,LosAngeles,34.0549076,-118.242643
23760,2018121921,6451,0,4620,6409,4598,LosAngeles,34.0549076,-118.242643
23993,2019010421,7659,0,6031,7569,5974,LosAngeles,34.0549076,-118.242643
25551,2019042120,392,0,344,226,199,LosAngeles,34.0549076,-118.242643
26949,2019072620,386,0,228,219,112,LosAngeles,34.0549076,-118.242643
27022,2019073121,7553,0,5048,7466,4984,LosAngeles,34.0549076,-118.242643
27415,2019082720,388,0,242,216,136,LosAngeles,34.0549076,-118.242643
27488,2019090121,518,0,14,498,12,LosAngeles,34.0549076,-118.242643
28085,2019101221,7930,0,6157,7846,6101,LosAngeles,34.0549076,-118.242643
29250,2019123121,7722,0,5503,7648,5452,LosAngeles,34.0549076,-118.242643
29949,2020021721,6939,0,5186,6873,5137,LosAngeles,34.0549076,-118.242643
30051,2020022421,7137,0,5502,7048,5444,LosAngeles,34.0549076,-118.242643
30881,2020042121,7149,0,5456,7075,5416,LosAngeles,34.0549076,-118.242643
31143,2020050920,367,0,118,229,40,LosAngeles,34.0549076,-118.242643
31216,2020051421,6175,0,4868,6094,4812,LosAngeles,34.0549076,-118.242643
31609,2020061020,415,0,347,79,35,LosAngeles,34.0549076,-118.242643
32381,2020080221,7755,0,769,7701,742,LosAngeles,34.0549076,-118.242643
33211,2020092821,7559,0,6086,7467,6043,LosAngeles,34.0549076,-118.242643
33473,2020101620,7258,0,5400,7066,5334,LosAngeles,34.0549076,-118.242643
34842,2021011821,7823,0,5887,7746,5829,LosAngeles,34.0549076,-118.242643
35308,2021021921,7799,0,6298,7706,6231,LosAngeles,34.0549076,-118.242643
36240,2021042421,746,0,84,650,43,LosAngeles,34.0549076,-118.242643
36269,2021042620,177,0,115,103,59,LosAngeles,34.0549076,-118.242643
36735,2021052820,278,0,108,153,51,LosAngeles,34.0549076,-118.242643
36837,2021060421,7653,0,6123,7511,6011,LosAngeles,34.0549076,-118.242643
37667,2021073120,199,0,118,56,16,LosAngeles,34.0549076,-118.242643
38832,2021101920,7201,0,5573,6975,5399,LosAngeles,34.0549076,-118.242643
38963,2021102820,363,0,288,263,212,LosAngeles,34.0549076,-118.242643
39502,2021120421,7518,0,4170,7430,4120,LosAngeles,34.0549076,-118.242643
39895,2021123120,180,0,68,63,22,LosAngeles,34.0549076,-118.242643
40201,2022012121,7305,0,5627,7212,5587,LosAngeles,34.0549076,-118.242643
41395,2022041320,7298,0,5769,7089,5608,LosAngeles,34.0549076,-118.242643
41832,2022051321,5886,0,5340,5490,5113,LosAngeles,34.0549076,-118.242643
42793,2022071820,374,0,115,108,49,LosAngeles,34.0549076,-118.242643
43099,2022080821,6111,0,4815,5744,4606,LosAngeles,34.0549076,-118.242643
43259,2022081920,418,0,258,253,132,LosAngeles,34.0549076,-118.242643
43492,2022090420,4280,0,1000,4268,997,LosAngeles,34.0549076,-118.242643
43696,2022091821,5260,0,3823,4846,3559,LosAngeles,34.0549076,-118.242643
43798,2022092521,6344,0,4945,5941,4674,LosAngeles,34.0549076,-118.242643
44162,2022102021,6125,0,5592,5674,5294,LosAngeles,34.0549076,-118.242643
44555,2022111620,389,0,274,250,177,LosAngeles,34.0549076,-118.242643
45021,2022121820,364,0,246,267,190,LosAngeles,34.0549076,-118.242643
45589,2023012620,7427,0,4871,7227,4733,LosAngeles,34.0549076,-118.242643
45793,2023020921,5660,0,5309,5288,5048,LosAngeles,34.0549076,-118.242643
46594,2023040521,6210,0,5178,5772,4944,LosAngeles,34.0549076,-118.242643
46987,2023050220,107,0,89,54,48,LosAngeles,34.0549076,-118.242643
47220,2023051820,7029,0,1202,6895,1165,LosAngeles,34.0549076,-118.242643
47453,2023060320,420,0,317,142,72,LosAngeles,34.0549076,-118.242643
47992,2023071021,6552,0,5847,6047,5552,LosAngeles,34.0549076,-118.242643
48385,2023080620,394,0,275,122,84,LosAngeles,34.0549076,-118.242643
48618,2023082220,7681,0,6313,7499,6155,LosAngeles,34.0549076,-118.242643
48691,2023082721,6144,0,5213,5735,4972,LosAngeles,34.0549076,-118.242643
48924,2023091221,5907,0,3050,5464,2794,LosAngeles,34.0549076,-118.242643
49754,2023110821,6216,0,5705,5842,5466,LosAngeles,34.0549076,-118.242643
50147,2023120520,367,0,314,250,222,LosAngeles,34.0549076,-118.242643
50948,2024012920,7433,0,5865,7211,5669,LosAngeles,34.0549076,-118.242643
51516,2024030821,6972,0,4920,6851,4881,LosAngeles,34.0549076,-118.242643
51880,2024040220,7487,0,6031,7259,5844,LosAngeles,34.0549076,-118.242643
52113,2024041820,365,0,274,234,193,LosAngeles,34.0549076,-118.242643
52317,2024050221,4575,0,318,4474,312,LosAngeles,34.0549076,-118.242643
52579,2024052020,163,0,71,53,17,LosAngeles,34.0549076,-118.242643
52885,2024061021,7546,0,1334,7502,1312,LosAngeles,34.0549076,-118.242643
53249,2024070521,6449,0,702,5951,504,LosAngeles,34.0549076,-118.242643
53511,2024072320,386,0,238,161,75,LosAngeles,34.0549076,-118.242643
54050,2024082921,5811,0,2770,5444,2540,LosAngeles,34.0549076,-118.242643
54414,2024092321,6285,0,5391,5902,5157,LosAngeles,34.0549076,-118.242643
54443,2024092520,7536,0,270,7356,237,LosAngeles,34.0549076,-118.242643
54647,2024100921,6373,0,1690,5949,1459,LosAngeles,34.0549076,-118.242643
